Time; Magnitude; Temperature; Reference Altitude; Current Altitude; Pressure; Ejected?
27; 1.01; 26.4; 0.00; 0.00; 1019.00; No
27; 0.97; 26.4; 0.00; -0.18; 1019.04; No
27; 1.00; 26.4; 0.00; -0.06; 1019.01; No
27; 1.00; 26.4; 0.00; -0.17; 1019.04; No
27; 0.98; 26.4; 0.00; 0.01; 1019.00; No
27; 0.99; 26.4; 0.00; 0.08; 1018.98; No
27; 0.97; 26.4; 0.00; -0.03; 1019.00; No
28; 0.98; 26.4; 0.00; -0.08; 1019.01; No
28; 0.98; 26.4; 0.00; -0.07; 1019.01; No
28; 0.97; 26.4; 0.00; -0.07; 1019.01; No
28; 0.97; 26.4; 0.00; -0.07; 1019.01; No
28; 0.99; 26.4; 0.00; -0.11; 1019.01; No
28; 1.03; 26.4; 0.00; -0.08; 1019.02; No
28; 1.04; 26.4; 0.00; -0.15; 1019.03; No
28; 0.96; 26.4; 0.00; 0.31; 1018.92; No
28; 0.96; 26.4; 0.00; -0.08; 1019.02; No
28; 1.01; 26.4; 0.00; -0.11; 1019.02; No
29; 0.97; 26.4; 0.00; -0.15; 1019.03; No
29; 1.03; 26.4; 0.00; 0.65; 1018.84; No
29; 0.94; 26.4; 0.00; -0.14; 1019.03; No
29; 0.96; 26.4; 0.00; -0.10; 1019.02; No
29; 1.04; 26.4; 0.00; -0.12; 1019.03; No
29; 1.11; 26.4; 0.00; 0.01; 1018.99; No
29; 1.10; 26.4; 0.00; -0.23; 1019.05; No
29; 1.13; 26.4; 0.00; -0.11; 1019.02; No
29; 0.90; 26.4; 0.00; -0.17; 1019.04; No
29; 0.86; 26.4; 0.00; -0.08; 1019.02; No
30; 0.88; 26.4; 0.00; 0.04; 1018.99; No
30; 0.96; 26.4; 0.00; 0.02; 1019.02; No
30; 1.06; 26.4; 0.00; -0.01; 1019.00; No
30; 1.25; 26.4; 0.00; -0.04; 1019.01; No
30; 0.85; 26.4; 0.00; -0.00; 1019.00; No
30; 0.81; 26.4; 0.00; -0.06; 1018.98; No
30; 0.84; 26.4; 0.00; -0.08; 1019.02; No
30; 0.96; 26.4; 0.00; 0.00; 1019.00; No
30; 1.14; 26.4; 0.00; 0.01; 1018.99; No
30; 1.05; 26.4; 0.00; -0.07; 1019.01; No
31; 1.29; 26.4; 0.00; -0.05; 1019.01; No
31; 0.90; 26.4; 0.00; -0.05; 1019.01; No
31; 1.05; 26.4; 0.00; 0.37; 1018.91; No
31; 1.25; 26.4; 0.00; -0.09; 1019.02; No
31; 1.06; 26.4; 0.00; -0.01; 1019.00; No
31; 0.96; 26.4; 0.00; -0.01; 1019.00; No
31; 0.97; 26.4; 0.00; -0.05; 1019.01; No
31; 0.94; 26.4; 0.00; -0.04; 1019.01; No
31; 0.92; 26.4; 0.00; -0.05; 1019.01; No
31; 0.98; 26.4; 0.00; -0.12; 1019.03; No
31; 1.04; 26.4; 0.00; -0.05; 1019.01; No
32; 1.13; 26.4; 0.00; -0.04; 1019.01; No
32; 1.04; 26.4; 0.00; 0.05; 1018.99; No
32; 0.87; 26.4; 0.00; -0.07; 1019.01; No
32; 0.92; 26.4; 0.00; -0.12; 1019.03; No
32; 1.12; 26.4; 0.00; 0.03; 1018.99; No
32; 1.00; 26.4; 0.00; -0.07; 1019.01; No
32; 0.95; 26.4; 0.00; -0.01; 1019.00; No
32; 1.01; 26.4; 0.00; -0.06; 1019.01; No
32; 0.89; 26.4; 0.00; 0.68; 1018.83; No
32; 1.00; 26.4; 0.00; -0.00; 1019.00; No
33; 0.91; 26.4; 0.00; 0.05; 1018.98; No
33; 1.03; 26.4; 0.00; 0.05; 1018.98; No
33; 0.92; 26.4; 0.00; 0.56; 1018.86; No
33; 1.24; 26.4; 0.00; 0.13; 1018.97; No
33; 1.00; 26.4; 0.00; 0.03; 1018.99; No
33; 0.96; 26.4; 0.00; 0.01; 1018.99; No
33; 1.01; 26.4; 0.00; -0.03; 1019.01; No
33; 0.99; 26.4; 0.00; -0.01; 1019.00; No
33; 1.01; 26.4; 0.00; -0.11; 1019.00; No
33; 1.06; 26.4; 0.00; 0.00; 1019.00; No
34; 0.98; 26.4; 0.00; -0.06; 1019.01; No
34; 0.98; 26.4; 0.00; 0.14; 1018.96; No
34; 1.03; 26.4; 0.00; -0.06; 1019.01; No
34; 1.06; 26.4; 0.00; -0.07; 1019.01; No
34; 0.97; 26.4; 0.00; -0.13; 1019.03; No
34; 1.01; 26.4; 0.00; 0.72; 1018.82; No
34; 1.00; 26.4; 0.00; 0.01; 1018.99; No
34; 0.98; 26.4; 0.00; 0.00; 1019.00; No
34; 1.04; 26.4; 0.00; 0.09; 1018.98; No
34; 1.02; 26.4; 0.00; 0.70; 1018.83; No
35; 0.95; 26.4; 0.00; -0.05; 1019.01; No
35; 0.95; 26.4; 0.00; -0.07; 1019.01; No
35; 0.99; 26.4; 0.00; -0.13; 1019.03; No
35; 1.03; 26.4; 0.00; -0.11; 1019.02; No
35; 1.05; 26.4; 0.00; -0.04; 1019.01; No
35; 1.03; 26.4; 0.00; -0.08; 1019.02; No
35; 0.99; 26.4; 0.00; -0.08; 1019.02; No
35; 1.00; 26.4; 0.00; -0.03; 1019.01; No
35; 1.07; 26.4; 0.00; 0.00; 1019.00; No
35; 0.86; 26.4; 0.00; -0.03; 1019.01; No
36; 0.89; 26.4; 0.00; 0.07; 1018.98; No
36; 0.94; 26.4; 0.00; -0.15; 1019.03; No
36; 0.89; 26.4; 0.00; 0.14; 1018.96; No
36; 0.93; 26.4; 0.00; -0.07; 1019.01; No
36; 1.10; 26.4; 0.00; -0.04; 1019.01; No
36; 0.94; 26.4; 0.00; -0.09; 1019.02; No
36; 0.98; 26.4; 0.00; 0.58; 1018.86; No
36; 0.98; 26.4; 0.00; -0.03; 1019.00; No
36; 1.10; 26.4; 0.00; -0.10; 1019.02; No
36; 0.93; 26.4; 0.00; -0.02; 1019.00; No
37; 0.95; 26.4; 0.00; -0.10; 1019.02; No
37; 0.96; 26.4; 0.00; 0.11; 1018.97; No
37; 1.04; 26.4; 0.00; -0.04; 1019.01; No
37; 0.96; 26.4; 0.00; -0.15; 1019.03; No
37; 1.00; 26.4; 0.00; -0.13; 1019.03; No
37; 0.97; 26.4; 0.00; -0.06; 1019.01; No
37; 1.01; 26.4; 0.00; -0.04; 1019.01; No
37; 0.95; 26.4; 0.00; -0.18; 1019.04; No
37; 1.01; 26.4; 0.00; -0.07; 1019.01; No
37; 0.93; 26.4; 0.00; -0.06; 1019.01; No
38; 1.05; 26.4; 0.00; 0.07; 1018.99; No
38; 0.96; 26.4; 0.00; -0.06; 1019.01; No
38; 0.90; 26.4; 0.00; 0.01; 1018.99; No
38; 0.90; 26.4; 0.00; 0.07; 1018.98; No
38; 0.93; 26.4; 0.00; 0.05; 1018.98; No
38; 0.98; 26.4; 0.00; -0.10; 1019.02; No
38; 1.01; 26.4; 0.00; -0.05; 1019.01; No
38; 0.92; 26.4; 0.00; 0.38; 1018.91; No
38; 1.00; 26.4; 0.00; -0.04; 1019.01; No
38; 1.19; 26.4; 0.00; -0.05; 1019.01; No
39; 0.88; 26.4; 0.00; -0.05; 1019.01; No
39; 1.09; 26.4; 0.00; -0.10; 1019.02; No
39; 0.93; 26.4; 0.00; -0.10; 1019.02; No
39; 0.94; 26.4; 0.00; -0.06; 1019.00; No
39; 1.02; 26.4; 0.00; -0.03; 1019.00; No
39; 0.87; 26.4; 0.00; -0.06; 1019.01; No
39; 0.99; 26.4; 0.00; -0.05; 1019.01; No
39; 1.00; 26.4; 0.00; -0.01; 1018.98; No
39; 0.91; 26.4; 0.00; -0.02; 1019.00; No
39; 1.05; 26.4; 0.00; -0.11; 1019.02; No
40; 0.95; 26.4; 0.00; 0.13; 1018.97; No
40; 1.04; 26.4; 0.00; 0.00; 1019.03; No
40; 1.12; 26.4; 0.00; -0.14; 1019.03; No
40; 1.02; 26.4; 0.00; -0.03; 1019.00; No
40; 0.96; 26.4; 0.00; 0.54; 1018.87; No
40; 0.92; 26.4; 0.00; 0.01; 1019.00; No
40; 1.06; 26.4; 0.00; -0.06; 1019.01; No
40; 1.11; 26.4; 0.00; -0.10; 1019.02; No
40; 0.98; 26.4; 0.00; 0.20; 1018.95; No
40; 0.97; 26.4; 0.00; -0.03; 1019.00; No
41; 1.03; 26.4; 0.00; -0.09; 1019.02; No
41; 0.99; 26.4; 0.00; 0.01; 1018.99; No
41; 1.01; 26.4; 0.00; 0.15; 1018.96; No
41; 0.98; 26.4; 0.00; -0.08; 1019.02; No
41; 0.97; 26.4; 0.00; -0.11; 1019.03; No
41; 0.98; 26.4; 0.00; -0.04; 1019.01; No
41; 0.96; 26.4; 0.00; -0.12; 1019.02; No
41; 0.97; 26.4; 0.00; -0.06; 1019.01; No
41; 0.99; 26.4; 0.00; 0.04; 1019.03; No
41; 0.99; 26.4; 0.00; -0.08; 1019.02; No
41; 0.97; 26.4; 0.00; 0.04; 1018.99; No
42; 0.94; 26.4; 0.00; 0.04; 1018.99; No
42; 0.96; 26.4; 0.00; -0.01; 1019.00; No
42; 0.94; 26.4; 0.00; 0.01; 1018.99; No
42; 0.99; 26.4; 0.00; 0.03; 1018.99; No
42; 0.90; 26.4; 0.00; 0.09; 1018.98; No
42; 0.90; 26.4; 0.00; -0.07; 1019.01; No
42; 1.05; 26.4; 0.00; -0.10; 1019.02; No
42; 1.06; 26.4; 0.00; -0.17; 1019.04; No
42; 0.99; 26.4; 0.00; 0.20; 1018.95; No
42; 0.89; 26.4; 0.00; -0.11; 1019.02; No
43; 0.98; 26.4; 0.00; -0.03; 1019.00; No
43; 1.02; 26.4; 0.00; -0.07; 1019.01; No
43; 1.03; 26.4; 0.00; -0.05; 1019.01; No
43; 1.05; 26.4; 0.00; 0.03; 1018.99; No
43; 0.95; 26.4; 0.00; -0.16; 1019.02; No
43; 0.91; 26.4; 0.00; -0.07; 1019.01; No
43; 0.90; 26.4; 0.00; 0.01; 1018.99; No
43; 0.97; 26.4; 0.00; 0.04; 1018.99; No
43; 0.97; 26.4; 0.00; -0.12; 1019.01; No
43; 0.96; 26.4; 0.00; -0.03; 1019.00; No
44; 1.01; 26.4; 0.00; 0.10; 1018.97; No
44; 1.04; 26.4; 0.00; 0.03; 1018.99; No
44; 0.92; 26.4; 0.00; -0.08; 1019.02; No
44; 1.00; 26.4; 0.00; 0.01; 1018.99; No
44; 0.95; 26.4; 0.00; -0.09; 1019.02; No
44; 1.01; 26.4; 0.00; 0.21; 1018.95; No
44; 0.94; 26.4; 0.00; 0.03; 1018.99; No
44; 0.96; 26.4; 0.00; 0.04; 1018.99; No
44; 1.00; 26.4; 0.00; -0.04; 1019.01; No
44; 0.90; 26.4; 0.00; -0.12; 1019.03; No
45; 0.97; 26.4; 0.00; -0.01; 1019.00; No
45; 0.89; 26.4; 0.00; -0.08; 1019.02; No
45; 0.98; 26.4; 0.00; -0.08; 1019.02; No
45; 0.96; 26.4; 0.00; -0.04; 1019.01; No
45; 0.95; 26.4; 0.00; -0.05; 1019.01; No
45; 1.04; 26.4; 0.00; -0.12; 1019.01; No
45; 1.01; 26.4; 0.00; 0.14; 1018.96; No
45; 0.98; 26.4; 0.00; 0.07; 1018.98; No
45; 0.96; 26.4; 0.00; -0.01; 1019.00; No
45; 1.02; 26.4; 0.00; -0.16; 1018.99; No
46; 0.92; 26.4; 0.00; 0.01; 1018.99; No
46; 0.93; 26.4; 0.00; -0.09; 1019.02; No
46; 1.06; 26.4; 0.00; 0.71; 1018.83; No
46; 0.97; 26.4; 0.00; -0.16; 1019.03; No
46; 1.01; 26.4; 0.00; -0.08; 1019.02; No
46; 0.94; 26.4; 0.00; -0.02; 1019.00; No
46; 0.98; 26.4; 0.00; 0.80; 1018.81; No
46; 1.04; 26.4; 0.00; 0.12; 1018.97; No
46; 1.06; 26.4; 0.00; 0.06; 1018.98; No
46; 1.29; 26.4; 0.00; 0.01; 1018.99; No
47; 0.67; 26.4; 0.00; 0.02; 1018.99; No
47; 0.92; 26.4; 0.00; -0.10; 1019.02; No
47; 0.89; 26.4; 0.00; -0.02; 1019.00; No
47; 0.92; 26.4; 0.00; 0.03; 1018.99; No
47; 0.90; 26.4; 0.00; -0.04; 1019.01; No
47; 0.98; 26.4; 0.00; -0.03; 1019.00; No
47; 1.16; 26.4; 0.00; -0.11; 1019.00; No
47; 1.03; 26.4; 0.00; 0.04; 1018.99; No
47; 1.02; 26.4; 0.00; -0.05; 1019.01; No
47; 0.99; 26.4; 0.00; 0.10; 1018.97; No
48; 1.01; 26.4; 0.00; -0.04; 1018.99; No
48; 1.02; 26.4; 0.00; -0.02; 1019.00; No
48; 0.98; 26.4; 0.00; -0.02; 1019.00; No
48; 0.99; 26.4; 0.00; 0.19; 1018.95; No
48; 0.99; 26.4; 0.00; 0.07; 1018.98; No
48; 0.99; 26.4; 0.00; -0.08; 1019.02; No
48; 0.98; 26.4; 0.00; 0.22; 1018.94; No
48; 1.01; 26.4; 0.00; 0.41; 1018.90; No
48; 0.88; 26.4; 0.00; 0.13; 1018.96; No
48; 0.95; 26.4; 0.00; 0.11; 1018.97; No
49; 1.06; 26.4; 0.00; 0.17; 1018.96; No
49; 1.21; 26.4; 0.00; 0.13; 1018.97; No
49; 0.79; 26.4; 0.00; 0.02; 1018.99; No
49; 0.95; 26.4; 0.00; -0.04; 1019.00; No
49; 1.02; 26.4; 0.00; 0.04; 1018.99; No
49; 1.04; 26.4; 0.00; 0.05; 1018.99; No
49; 1.28; 26.4; 0.00; 0.12; 1018.97; No
49; 1.11; 26.4; 0.00; 0.08; 1018.96; No
49; 0.94; 26.4; 0.00; 0.12; 1018.97; No
49; 1.16; 26.4; 0.00; 0.04; 1018.99; No
50; 1.09; 26.4; 0.00; 0.14; 1018.96; No
50; 1.03; 26.4; 0.00; 0.10; 1018.97; No
50; 1.05; 26.4; 0.00; -0.01; 1019.00; No
50; 0.96; 26.4; 0.00; 0.02; 1018.99; No
50; 0.89; 26.4; 0.00; 0.36; 1018.91; No
50; 1.00; 26.4; 0.00; 0.13; 1018.97; No
50; 1.17; 26.4; 0.00; 0.02; 1018.99; No
50; 1.00; 26.4; 0.00; 0.02; 1018.99; No
50; 0.95; 26.4; 0.00; 0.17; 1018.96; No
50; 1.12; 26.4; 0.00; 0.22; 1018.94; No
51; 0.78; 26.4; 0.00; 0.09; 1018.98; No
51; 1.08; 26.4; 0.00; 0.14; 1018.96; No
51; 0.92; 26.4; 0.00; 0.12; 1018.97; No
51; 1.02; 26.4; 0.00; 0.10; 1018.97; No
51; 1.05; 26.4; 0.00; 0.17; 1018.95; No
51; 0.98; 26.4; 0.00; 0.21; 1018.95; No
51; 1.06; 26.4; 0.00; 0.24; 1018.94; No
51; 0.97; 26.4; 0.00; 0.32; 1018.92; No
51; 0.85; 26.4; 0.00; 0.26; 1018.96; No
51; 1.08; 26.4; 0.00; 0.22; 1018.94; No
51; 1.06; 26.4; 0.00; 0.14; 1018.96; No
52; 0.88; 26.4; 0.00; 0.27; 1018.93; No
52; 1.06; 26.4; 0.00; 0.25; 1018.95; No
52; 1.13; 26.4; 0.00; 0.20; 1018.95; No
52; 1.00; 26.4; 0.00; 0.13; 1018.97; No
52; 0.90; 26.4; 0.00; 0.13; 1018.97; No
52; 1.02; 26.4; 0.00; 0.03; 1018.99; No
52; 0.89; 26.4; 0.00; 0.05; 1018.99; No
52; 1.06; 26.4; 0.00; 0.06; 1018.98; No
52; 1.19; 26.4; 0.00; 0.07; 1018.98; No
52; 0.95; 26.4; 0.00; 0.19; 1018.95; No
53; 0.91; 26.4; 0.00; 0.12; 1018.97; No
53; 1.08; 26.9; 0.00; 0.10; 1018.97; No
53; 0.86; 26.4; 0.00; 0.01; 1018.99; No
53; 1.01; 26.4; 0.00; 0.08; 1018.98; No
53; 1.06; 26.4; 0.00; -0.01; 1018.98; No
53; 1.10; 26.4; 0.00; -0.06; 1019.01; No
53; 0.98; 26.4; 0.00; -0.01; 1019.00; No
53; 0.99; 26.9; 0.00; 0.10; 1018.97; No
53; 1.06; 26.4; 0.00; 0.01; 1019.00; No
53; 1.14; 26.4; 0.00; 0.07; 1018.98; No
54; 0.96; 26.4; 0.00; -0.05; 1019.01; No
54; 1.02; 26.4; 0.00; 0.10; 1018.97; No
54; 1.04; 26.4; 0.00; 0.12; 1018.97; No
54; 0.99; 26.4; 0.00; 0.13; 1018.96; No
54; 0.96; 26.4; 0.00; 0.20; 1018.95; No
54; 0.97; 26.4; 0.00; 0.16; 1018.96; No
54; 1.05; 26.4; 0.00; -0.00; 1019.00; No
54; 1.02; 26.4; 0.00; 0.03; 1018.99; No
54; 0.99; 26.9; 0.00; 0.10; 1018.97; No
54; 0.91; 26.4; 0.00; 0.06; 1018.98; No
55; 1.09; 26.4; 0.00; -0.07; 1019.01; No
55; 1.12; 26.4; 0.00; 0.08; 1018.97; No
55; 0.97; 26.4; 0.00; -0.04; 1019.01; No
55; 1.12; 26.4; 0.00; 0.07; 1018.98; No
55; 1.02; 26.4; 0.00; 0.14; 1018.96; No
55; 0.82; 26.4; 0.00; 0.08; 1019.01; No
55; 1.00; 26.4; 0.00; 0.08; 1018.98; No
55; 1.09; 26.4; 0.00; -0.01; 1019.00; No
55; 1.07; 26.4; 0.00; 0.50; 1018.88; No
55; 1.20; 26.4; 0.00; -0.05; 1019.01; No
56; 1.00; 26.4; 0.00; -0.08; 1019.02; No
56; 0.92; 26.4; 0.00; -0.04; 1019.01; No
56; 0.93; 26.4; 0.00; 0.09; 1018.98; No
56; 0.97; 26.4; 0.00; -0.03; 1019.01; No
56; 0.80; 26.4; 0.00; -0.01; 1019.00; No
56; 0.80; 26.4; 0.00; -0.06; 1019.01; No
56; 1.11; 26.4; 0.00; -0.03; 1019.00; No
56; 1.27; 26.4; 0.00; 0.02; 1018.99; No
56; 1.28; 26.4; 0.00; -0.12; 1019.02; No
56; 1.16; 26.4; 0.00; -0.09; 1019.02; No
57; 1.09; 26.4; 0.00; -0.18; 1019.04; No
57; 1.04; 26.4; 0.00; -0.07; 1019.01; No
57; 1.04; 26.4; 0.00; -0.05; 1019.01; No
57; 1.05; 26.4; 0.00; -0.05; 1019.01; No
57; 1.03; 26.4; 0.00; -0.06; 1019.01; No
57; 1.02; 26.4; 0.00; -0.01; 1019.00; No
57; 1.01; 26.4; 0.00; -0.02; 1018.99; No
57; 1.04; 26.4; 0.00; -0.13; 1019.03; No
57; 1.16; 26.4; 0.00; -0.14; 1019.03; No
57; 1.84; 26.4; 0.00; -0.01; 1019.00; No
58; 1.11; 26.4; 0.00; -0.16; 1019.04; No
58; 0.96; 26.4; 0.00; -0.26; 1019.06; No
58; 0.95; 26.4; 0.00; -0.05; 1019.01; No
58; 0.99; 26.4; 0.00; -0.14; 1019.03; No
58; 1.00; 26.4; 0.00; -0.11; 1019.02; No
58; 1.00; 26.4; 0.00; -0.03; 1019.00; No
58; 1.03; 26.4; 0.00; -0.09; 1019.02; No
58; 1.02; 26.4; 0.00; -0.11; 1019.02; No
58; 1.00; 26.4; 0.00; -0.13; 1019.03; No
58; 1.02; 26.4; 0.00; -0.05; 1018.99; No
59; 1.00; 26.4; 0.00; -0.22; 1019.05; No
59; 1.01; 26.4; 0.00; -0.02; 1019.00; No
59; 0.96; 26.4; 0.00; -0.15; 1019.03; No
59; 1.01; 26.4; 0.00; -0.08; 1019.01; No
59; 1.01; 26.4; 0.00; -0.19; 1019.04; No
59; 1.00; 26.4; 0.00; -0.06; 1019.01; No
59; 1.00; 26.4; 0.00; 0.54; 1018.87; No
59; 1.01; 26.4; 0.00; -0.07; 1019.01; No
59; 1.01; 26.4; 0.00; -0.06; 1019.01; No
59; 1.01; 26.4; 0.00; -0.02; 1019.00; No
60; 1.00; 26.4; 0.00; 0.10; 1018.97; No
60; 1.01; 26.4; 0.00; -0.14; 1019.03; No
60; 1.00; 26.4; 0.00; -0.07; 1019.01; No
60; 1.01; 26.4; 0.00; -0.01; 1019.00; No
60; 1.01; 26.4; 0.00; -0.06; 1019.01; No
60; 1.01; 26.4; 0.00; -0.13; 1019.03; No
60; 1.01; 26.4; 0.00; -0.15; 1019.01; No
60; 1.01; 26.4; 0.00; -0.06; 1019.01; No
60; 1.00; 26.4; 0.00; -0.15; 1019.03; No
60; 1.00; 26.4; 0.00; -0.12; 1019.03; No
61; 1.02; 26.4; 0.00; -0.15; 1019.03; No
61; 1.00; 26.4; 0.00; -0.12; 1019.03; No
61; 1.01; 26.4; 0.00; -0.21; 1019.05; No
61; 1.01; 26.4; 0.00; 0.00; 1019.00; No
61; 1.01; 26.4; 0.00; -0.25; 1019.01; No
61; 1.01; 26.4; 0.00; -0.15; 1019.03; No
61; 1.01; 26.4; 0.00; -0.18; 1019.04; No
61; 1.00; 26.4; 0.00; 0.49; 1018.88; No
61; 1.01; 26.4; 0.00; -0.08; 1019.02; No
61; 1.01; 26.4; 0.00; -0.07; 1019.01; No
61; 1.01; 26.4; 0.00; -0.10; 1019.02; No
62; 1.01; 26.4; 0.00; -0.04; 1019.01; No
62; 1.01; 26.4; 0.00; -0.07; 1019.01; No
62; 1.01; 26.4; 0.00; -0.07; 1019.01; No
62; 1.00; 26.4; 0.00; -0.09; 1019.02; No
62; 1.02; 26.4; 0.00; -0.09; 1019.02; No
62; 1.01; 26.4; 0.00; -0.13; 1019.03; No
62; 1.01; 26.4; 0.00; -0.05; 1019.04; No
62; 1.01; 26.4; 0.00; -0.07; 1019.01; No
62; 1.00; 26.4; 0.00; -0.08; 1019.02; No
62; 0.97; 26.4; 0.00; -0.14; 1019.03; No
63; 1.01; 26.4; 0.00; -0.09; 1019.02; No
63; 1.00; 26.4; 0.00; -0.14; 1019.03; No
63; 1.01; 26.9; 0.00; -0.10; 1019.02; No
63; 1.02; 26.4; 0.00; 0.08; 1018.98; No
63; 1.00; 26.4; 0.00; -0.27; 1019.06; No
63; 1.01; 26.4; 0.00; 0.00; 1019.00; No
63; 1.01; 26.4; 0.00; -0.20; 1019.04; No
63; 1.01; 26.4; 0.00; 0.59; 1018.85; No
63; 1.01; 26.4; 0.00; 0.05; 1018.98; No
63; 1.00; 26.9; 0.00; 0.02; 1018.99; No
64; 1.00; 26.4; 0.00; -0.02; 1019.00; No
64; 1.01; 26.4; 0.00; -0.02; 1019.00; No
64; 1.01; 26.4; 0.00; -0.11; 1019.02; No
64; 1.00; 26.4; 0.00; 0.05; 1019.00; No
64; 1.00; 26.4; 0.00; -0.09; 1019.02; No
64; 1.01; 26.4; 0.00; -0.07; 1019.01; No
64; 1.01; 26.4; 0.00; -0.05; 1019.01; No
64; 1.00; 26.4; 0.00; 0.08; 1018.99; No
64; 1.01; 26.4; 0.00; -0.07; 1019.01; No
64; 1.00; 26.4; 0.00; -0.06; 1019.01; No
65; 1.01; 26.4; 0.00; 0.68; 1018.83; No
65; 1.01; 26.4; 0.00; -0.06; 1019.01; No
65; 1.01; 26.4; 0.00; -0.12; 1019.03; No
65; 1.01; 26.4; 0.00; -0.10; 1019.02; No
65; 1.00; 26.4; 0.00; -0.02; 1019.00; No
65; 1.01; 26.4; 0.00; -0.04; 1019.01; No
65; 1.01; 26.4; 0.00; -0.07; 1019.01; No
65; 1.01; 26.4; 0.00; -0.14; 1019.03; No
65; 1.01; 26.4; 0.00; -0.04; 1019.01; No
65; 1.01; 26.4; 0.00; 0.11; 1018.97; No
66; 1.00; 26.4; 0.00; -0.05; 1019.01; No
66; 1.01; 26.4; 0.00; -0.09; 1019.02; No
66; 1.00; 26.4; 0.00; -0.07; 1019.01; No
66; 1.01; 26.4; 0.00; -0.06; 1019.01; No
66; 1.01; 26.4; 0.00; 0.08; 1018.98; No
66; 1.01; 26.9; 0.00; -0.09; 1019.02; No
66; 1.01; 26.4; 0.00; -0.06; 1019.01; No
66; 1.01; 26.4; 0.00; -0.05; 1019.01; No
66; 1.01; 26.4; 0.00; -0.15; 1019.03; No
66; 1.01; 26.9; 0.00; -0.02; 1019.00; No
67; 1.01; 26.4; 0.00; 0.04; 1018.99; No
67; 1.01; 26.4; 0.00; 0.36; 1018.91; No
67; 1.01; 26.9; 0.00; -0.32; 1019.08; No
67; 1.01; 26.9; 0.00; -0.25; 1019.06; No
67; 1.01; 26.4; 0.00; -0.31; 1019.07; No
67; 1.01; 26.9; 0.00; -0.17; 1019.04; No
67; 1.00; 26.9; 0.00; -0.21; 1019.05; No
67; 1.01; 26.4; 0.00; -0.06; 1019.01; No
67; 1.00; 26.4; 0.00; -0.29; 1019.07; No
67; 1.01; 26.9; 0.00; -0.32; 1019.07; No
68; 1.01; 26.9; 0.00; -0.38; 1019.09; No
68; 1.00; 26.4; 0.00; -0.07; 1018.99; No
68; 1.00; 26.4; 0.00; -0.06; 1019.01; No
68; 1.01; 26.4; 0.00; -0.25; 1019.06; No
68; 1.00; 26.4; 0.00; -0.26; 1019.06; No
68; 1.01; 26.4; 0.00; -0.12; 1019.03; No
68; 1.00; 26.9; 0.00; -0.24; 1019.05; No
68; 1.01; 26.9; 0.00; -0.20; 1019.05; No
68; 1.00; 26.4; 0.00; 0.18; 1018.95; No
68; 1.01; 26.4; 0.00; -0.25; 1019.02; No
69; 1.01; 26.4; 0.00; -0.26; 1019.06; No
69; 1.01; 26.9; 0.00; -0.25; 1019.06; No
69; 1.01; 26.4; 0.00; 0.46; 1018.89; No
69; 1.01; 26.9; 0.00; -0.24; 1019.06; No
69; 1.01; 26.9; 0.00; -0.39; 1019.09; No
69; 1.00; 26.9; 0.00; -0.35; 1019.08; No
69; 1.01; 26.4; 0.00; -0.28; 1019.06; No
69; 1.01; 26.4; 0.00; -0.21; 1019.05; No
69; 1.01; 26.4; 0.00; -0.21; 1019.05; No
69; 1.01; 26.9; 0.00; -0.15; 1019.03; No
70; 1.00; 26.4; 0.00; -0.16; 1019.04; No
70; 1.00; 26.4; 0.00; -0.11; 1019.02; No
70; 1.00; 26.4; 0.00; -0.17; 1019.00; No
70; 1.01; 26.9; 0.00; -0.19; 1019.04; No
70; 1.01; 26.9; 0.00; -0.01; 1019.00; No
70; 1.02; 26.4; 0.00; -0.16; 1019.04; No
70; 1.01; 26.4; 0.00; 0.03; 1018.99; No
70; 1.01; 26.9; 0.00; -0.01; 1019.00; No
70; 1.00; 26.4; 0.00; -0.13; 1019.03; No
70; 1.01; 26.9; 0.00; 0.62; 1018.85; No
71; 1.00; 26.4; 0.00; -0.17; 1019.05; No
71; 1.02; 26.9; 0.00; -0.22; 1019.05; No
71; 1.00; 26.9; 0.00; -0.18; 1019.04; No
71; 1.01; 26.4; 0.00; 0.19; 1018.95; No
71; 1.01; 26.4; 0.00; -0.03; 1019.00; No
71; 1.01; 26.9; 0.00; -0.22; 1019.05; No
71; 1.00; 26.9; 0.00; -0.27; 1019.06; No
71; 1.01; 26.4; 0.00; -0.11; 1019.02; No
71; 1.01; 26.4; 0.00; -0.06; 1019.01; No
71; 1.01; 26.9; 0.00; -0.14; 1019.03; No
71; 1.01; 26.9; 0.00; -0.03; 1019.00; No
72; 1.01; 26.9; 0.00; -0.13; 1019.03; No
72; 1.00; 26.9; 0.00; -0.14; 1019.03; No
72; 1.01; 26.9; 0.00; -0.18; 1019.04; No
72; 1.02; 26.4; 0.00; -0.22; 1019.05; No
72; 1.01; 26.4; 0.00; -0.15; 1019.03; No
72; 1.01; 26.9; 0.00; -0.14; 1019.03; No
72; 1.02; 26.9; 0.00; -0.11; 1019.06; No
72; 1.01; 26.4; 0.00; -0.26; 1019.06; No
72; 1.01; 26.4; 0.00; -0.20; 1019.04; No
72; 1.00; 26.4; 0.00; 0.87; 1018.79; No
73; 1.01; 26.9; 0.00; 0.03; 1018.99; No
73; 1.01; 26.4; 0.00; -0.07; 1019.01; No
73; 1.01; 26.4; 0.00; -0.07; 1019.01; No
73; 1.01; 26.9; 0.00; -0.18; 1019.04; No
73; 1.01; 26.4; 0.00; -0.04; 1019.01; No
73; 1.01; 26.9; 0.00; 0.01; 1019.00; No
73; 1.02; 26.9; 0.00; -0.03; 1019.00; No
73; 1.02; 26.9; 0.00; -0.12; 1019.03; No
73; 1.01; 26.4; 0.00; 0.09; 1018.98; No
73; 1.01; 26.9; 0.00; 0.03; 1018.98; MANUALLY EJECTED!EJECTED!
74; 1.00; 26.4; 0.00; 0.01; 1018.99; EJECTED!
74; 1.04; 26.4; 0.00; -0.01; 1019.00; EJECTED!
74; 1.01; 26.9; 0.00; -0.20; 1019.05; EJECTED!
74; 1.00; 26.9; 0.00; -0.05; 1019.01; EJECTED!
74; 1.01; 26.9; 0.00; -0.04; 1019.01; EJECTED!
74; 1.01; 26.9; 0.00; 0.07; 1019.02; EJECTED!
75; 1.01; 26.9; 0.00; -0.13; 1019.03; EJECTED!
75; 1.01; 26.9; 0.00; -0.13; 1019.03; EJECTED!
75; 1.01; 26.4; 0.00; -0.01; 1019.00; EJECTED!
75; 1.01; 26.4; 0.00; -0.04; 1019.02; EJECTED!
75; 1.01; 26.9; 0.00; -0.06; 1019.01; EJECTED!
75; 1.02; 26.9; 0.00; -0.01; 1019.00; EJECTED!
75; 1.01; 26.9; 0.00; -0.02; 1019.00; EJECTED!
75; 1.01; 26.9; 0.00; 0.38; 1018.91; EJECTED!
75; 1.01; 26.9; 0.00; 0.03; 1018.99; EJECTED!
75; 1.02; 26.9; 0.00; -0.10; 1019.02; EJECTED!
76; 0.96; 26.9; 0.00; -0.14; 1019.03; EJECTED!
76; 1.01; 26.4; 0.00; -0.24; 1019.05; EJECTED!
76; 1.01; 26.9; 0.00; 0.02; 1019.04; EJECTED!
76; 1.00; 26.9; 0.00; -0.09; 1019.02; EJECTED!
76; 1.01; 26.9; 0.00; -0.02; 1019.00; EJECTED!
76; 1.02; 26.4; 0.00; -0.08; 1019.02; EJECTED!
76; 0.99; 26.9; 0.00; -0.31; 1019.02; EJECTED!
76; 1.01; 26.9; 0.00; -0.09; 1019.02; EJECTED!
76; 1.01; 26.9; 0.00; -0.09; 1019.02; EJECTED!
76; 1.01; 26.9; 0.00; -0.15; 1019.03; EJECTED!
77; 1.01; 26.4; 0.00; 0.01; 1019.01; EJECTED!
77; 1.00; 26.9; 0.00; 0.06; 1018.98; EJECTED!
77; 1.00; 26.9; 0.00; -0.21; 1019.05; EJECTED!
77; 1.01; 26.9; 0.00; -0.15; 1019.03; EJECTED!
77; 1.01; 26.9; 0.00; -0.11; 1019.02; EJECTED!
77; 1.01; 26.9; 0.00; -0.24; 1019.05; EJECTED!
77; 1.01; 26.4; 0.00; -0.12; 1019.03; EJECTED!
77; 1.01; 26.4; 0.00; -0.08; 1019.02; EJECTED!
77; 1.01; 26.9; 0.00; 0.77; 1018.81; EJECTED!
77; 1.02; 26.9; 0.00; -0.18; 1019.04; EJECTED!
78; 1.00; 26.9; 0.00; -0.25; 1019.06; EJECTED!
78; 1.01; 26.9; 0.00; -0.28; 1019.06; EJECTED!
78; 1.01; 26.4; 0.00; -0.08; 1019.02; EJECTED!
78; 1.00; 26.9; 0.00; -0.09; 1019.02; EJECTED!
78; 1.01; 26.9; 0.00; -0.03; 1019.00; EJECTED!
78; 1.01; 26.4; 0.00; -0.23; 1019.05; EJECTED!
78; 1.02; 26.9; 0.00; -0.09; 1019.02; EJECTED!
78; 1.00; 26.9; 0.00; -0.00; 1019.02; EJECTED!
78; 1.00; 26.9; 0.00; -0.13; 1019.03; EJECTED!
78; 1.02; 26.4; 0.00; -0.19; 1019.04; EJECTED!
79; 1.01; 26.9; 0.00; -0.19; 1019.04; EJECTED!
79; 1.01; 26.9; 0.00; -0.10; 1019.03; EJECTED!
79; 1.00; 26.9; 0.00; -0.11; 1019.02; EJECTED!
79; 1.01; 26.9; 0.00; -0.17; 1019.04; EJECTED!
79; 1.01; 26.9; 0.00; -0.15; 1019.03; EJECTED!
79; 1.01; 26.9; 0.00; 0.21; 1019.04; EJECTED!
79; 1.02; 26.9; 0.00; -0.27; 1019.06; EJECTED!
79; 1.00; 26.9; 0.00; -0.18; 1019.04; EJECTED!
79; 1.01; 26.9; 0.00; -0.10; 1019.02; EJECTED!
79; 1.00; 26.9; 0.00; 0.62; 1018.85; EJECTED!
80; 1.01; 26.9; 0.00; -0.23; 1019.05; EJECTED!
80; 1.01; 26.9; 0.00; -0.10; 1019.02; EJECTED!
80; 1.01; 26.9; 0.00; -0.10; 1019.02; EJECTED!
80; 1.00; 26.9; 0.00; 0.19; 1018.95; EJECTED!
80; 0.99; 26.9; 0.00; -0.22; 1019.06; EJECTED!
80; 1.01; 26.9; 0.00; -0.20; 1019.05; EJECTED!
80; 1.01; 26.9; 0.00; -0.29; 1019.07; EJECTED!
80; 0.99; 26.9; 0.00; -0.19; 1019.04; EJECTED!
80; 1.00; 26.9; 0.00; -0.16; 1019.03; EJECTED!
80; 1.01; 26.9; 0.00; -0.21; 1019.05; EJECTED!
81; 1.01; 26.9; 0.00; -0.13; 1019.03; EJECTED!
81; 1.01; 26.9; 0.00; -0.07; 1019.01; EJECTED!
81; 1.01; 26.9; 0.00; -0.17; 1019.04; EJECTED!
81; 1.00; 26.9; 0.00; -0.12; 1019.03; EJECTED!
81; 1.01; 26.9; 0.00; -0.05; 1019.01; EJECTED!
81; 1.00; 26.9; 0.00; -0.06; 1019.01; EJECTED!
81; 1.01; 26.9; 0.00; 0.10; 1018.97; EJECTED!
81; 1.01; 26.9; 0.00; -0.02; 1019.00; EJECTED!
81; 1.01; 26.9; 0.00; -0.03; 1019.00; EJECTED!
81; 1.01; 26.9; 0.00; -0.06; 1019.01; EJECTED!
82; 1.01; 26.9; 0.00; 0.29; 1018.93; EJECTED!
82; 1.01; 26.9; 0.00; -0.08; 1019.02; EJECTED!
82; 1.01; 26.9; 0.00; -0.12; 1019.03; EJECTED!
82; 1.01; 26.9; 0.00; -0.07; 1019.01; EJECTED!
82; 1.00; 26.9; 0.00; 0.02; 1018.99; EJECTED!
82; 1.01; 26.9; 0.00; -0.13; 1019.03; EJECTED!
82; 1.02; 26.9; 0.00; -0.12; 1019.03; EJECTED!
82; 0.99; 26.9; 0.00; -0.09; 1019.02; EJECTED!
82; 1.02; 26.9; 0.00; -0.07; 1019.01; EJECTED!
82; 1.02; 26.9; 0.00; -0.11; 1019.04; EJECTED!
83; 1.01; 26.9; 0.00; -0.16; 1019.03; EJECTED!
83; 1.01; 26.9; 0.00; -0.06; 1019.01; EJECTED!
83; 1.01; 26.9; 0.00; -0.14; 1019.03; EJECTED!
83; 1.01; 26.9; 0.00; -0.10; 1019.02; EJECTED!
83; 1.01; 26.9; 0.00; -0.12; 1019.03; EJECTED!
83; 1.01; 26.9; 0.00; -0.24; 1019.05; EJECTED!
83; 1.01; 26.9; 0.00; -0.24; 1019.05; EJECTED!
83; 1.01; 26.9; 0.00; 0.32; 1018.92; EJECTED!
83; 1.01; 26.9; 0.00; -0.03; 1019.01; EJECTED!
83; 1.01; 26.9; 0.00; -0.11; 1019.02; EJECTED!
83; 1.01; 26.9; 0.00; -0.00; 1019.00; EJECTED!
84; 1.00; 26.9; 0.00; 0.59; 1018.85; EJECTED!
84; 1.01; 26.9; 0.00; -0.06; 1019.01; EJECTED!
84; 1.00; 26.9; 0.00; -0.08; 1019.02; EJECTED!
84; 1.00; 26.9; 0.00; -0.10; 1019.02; EJECTED!
84; 1.01; 34.2; 0.00; -0.23; 1019.05; EJECTED!
84; 1.01; 26.9; 0.00; -0.21; 1019.05; EJECTED!
84; 1.01; 26.9; 0.00; -0.29; 1019.07; EJECTED!
84; 1.00; 26.9; 0.00; -0.15; 1019.03; EJECTED!
84; 1.00; 26.9; 0.00; -0.16; 1019.04; EJECTED!
84; 1.01; 26.9; 0.00; -0.15; 1019.04; EJECTED!
85; 1.01; 26.9; 0.00; -0.21; 1019.05; EJECTED!
85; 1.01; 26.9; 0.00; -0.14; 1019.03; EJECTED!
85; 1.01; 26.9; 0.00; -0.16; 1019.03; EJECTED!
85; 1.01; 26.9; 0.00; -0.16; 1019.06; EJECTED!
85; 1.01; 26.9; 0.00; -0.27; 1019.06; EJECTED!
85; 1.01; 26.9; 0.00; -0.23; 1019.05; EJECTED!
85; 1.01; 26.9; 0.00; -0.12; 1019.03; EJECTED!
85; 1.02; 26.9; 0.00; -0.10; 1019.02; EJECTED!
85; 1.00; 26.9; 0.00; -0.17; 1019.04; EJECTED!
85; 1.01; 26.9; 0.00; -0.16; 1019.04; EJECTED!
86; 1.01; 26.9; 0.00; -0.15; 1019.03; EJECTED!
86; 0.99; 26.9; 0.00; 0.53; 1018.87; EJECTED!
86; 1.02; 26.9; 0.00; 0.04; 1018.99; EJECTED!
86; 0.99; 26.9; 0.00; -0.19; 1019.04; EJECTED!
86; 0.99; 26.9; 0.00; -0.02; 1019.00; EJECTED!
86; 1.00; 26.9; 0.00; -0.07; 1019.01; EJECTED!
86; 1.00; 26.9; 0.00; -0.07; 1019.01; EJECTED!
86; 1.00; 26.9; 0.00; -0.12; 1019.03; EJECTED!
86; 1.00; 26.4; 0.00; -0.17; 1019.04; EJECTED!
86; 1.00; 26.9; 0.00; -0.12; 1019.03; EJECTED!
87; 1.01; 26.9; 0.00; -0.13; 1019.05; EJECTED!
87; 1.00; 26.9; 0.00; -0.22; 1019.05; EJECTED!
87; 1.01; 26.9; 0.00; -0.18; 1019.04; EJECTED!
87; 1.01; 26.9; 0.00; -0.13; 1019.03; EJECTED!
87; 1.01; 26.9; 0.00; -0.23; 1019.05; EJECTED!
87; 1.01; 26.9; 0.00; -0.13; 1019.03; EJECTED!
87; 1.01; 26.9; 0.00; -0.07; 1019.01; EJECTED!
87; 1.00; 26.9; 0.00; -0.11; 1019.02; EJECTED!
87; 1.01; 26.9; 0.00; 0.28; 1018.93; EJECTED!
87; 1.01; 26.9; 0.00; -0.05; 1019.01; EJECTED!
88; 1.01; 26.9; 0.00; -0.03; 1019.00; EJECTED!
88; 1.01; 26.9; 0.00; -0.11; 1019.02; EJECTED!
88; 1.01; 26.9; 0.00; 0.72; 1018.82; EJECTED!
88; 1.00; 26.9; 0.00; -0.26; 1019.06; EJECTED!
88; 1.02; 26.9; 0.00; -0.22; 1019.05; EJECTED!
88; 1.01; 26.9; 0.00; -0.17; 1019.04; EJECTED!
88; 1.00; 26.9; 0.00; 0.19; 1018.95; EJECTED!
88; 1.01; 26.9; 0.00; -0.18; 1019.02; EJECTED!
88; 1.02; 26.9; 0.00; -0.15; 1019.03; EJECTED!
88; 1.01; 26.9; 0.00; -0.06; 1019.01; EJECTED!
89; 1.01; 26.9; 0.00; -0.08; 1019.02; EJECTED!
89; 1.00; 26.9; 0.00; -0.19; 1019.04; EJECTED!
89; 1.01; 26.9; 0.00; -0.21; 1019.05; EJECTED!
89; 1.01; 26.9; 0.00; -0.17; 1019.04; EJECTED!
89; 1.01; 26.9; 0.00; -0.16; 1019.04; EJECTED!
89; 1.01; 26.9; 0.00; -0.15; 1019.03; EJECTED!
89; 1.01; 26.9; 0.00; -0.22; 1019.05; EJECTED!
89; 1.00; 26.9; 0.00; -0.08; 1019.02; EJECTED!
89; 1.01; 26.9; 0.00; -0.13; 1019.03; EJECTED!
89; 1.01; 26.9; 0.00; -0.04; 1019.01; EJECTED!
